107
1912
1684
3437
2543
2347
1941
1985
2468
2233
2266
2142
2560
2542
2206
2324
2229
2611
2218
2410
2078
2123
2240
2464
1993
2369
2607
2244
2309
2507
2602
2604
2088
2131
2340
2590
1983
2601
2059
2526
2600
2188
2073
2220
2150
1946
2172
2428
1917
2414
2331
2564
2201
1938
2090
2323
2593
1943
2625
2339
2624
2586
2615
2184
2118
2030
2290
2275
2064
2104
2500
1962
2278
1979
2492
2395
2376
2103
2409
2200
2271
2381
2045
2326
2033
2551
1971
2354
2553
1984
2139
2093
2043
2037
2630
2460
2423
2352
2404
2140
2190
2619
1966
2356
2520
2374
2069
1918
2124
2363
2559
2550
2638
2655
2108
2112
2446
2578
2549
2074
2257
2095
2299
1986
2040
2154
2253
2005
2020
2121
2370
2482
2504
2276
2308
2561
2408
2495
2348
2654
2573
1929
2359
2433
2083
2575
2122
2546
2063
2334
2430
2539
2084
2521
2307
2212
2115
2086
2485
2646
2109
1997
2386
2556
2623
2469
2467
2261
2216
1925
2165
2077
2484
2237
2329
2046
1953
2506
2098
2418
2007
2477
2579
2300
2631
2306
2552
2563
2056
2489
2213
2532
2060
2210
2574
1888
2462
2392
1663
1800
2591
1352
2164
2554
2179
1199
1989
1730
2407
1431
1589
1963
2353
1584
1746
2499
1804
1126
1833
2429
1078
1714
1390
1768
1621
1559
1707
1086
1613
1718
1377
2189
1827
1612
2081
2384
1610
1391
1399
1376
1622
2328
2478
1835
2111
1211
1551
2606
2336
2199
1516
2136
1577
2292
2598
2055
1471
1839
2054
1522
1059
2333
1367
1554
2026
946
1736
1185
2058
2283
2087
1879
1184
993
1662
2512
1793
925
2153
916
1945
2282
1603
2032
2187
2287
1799
2068
2511
1331
1017
2510
1076
2471
1132
2555
2279
1717
1146
1557
1420
1813
2183
2138
1107
2509
1669
1238
1816
2047
1791
2463
2072
2289
2629
2102
1335
2567
2224
1153
1902
2133
2592
2302
2117
2319
2071
2327
2461
1920
1823
1222
2149
1250
1757
1006
1604
2649
1230
1509
1361
2125
2536
1598
2491
2241
1849
1959
2180
1341
1447
1488
1267
1491
1547
1117
2398
1926
2294
1256
1269
1175
1079
2391
2174
2223
2247
2053
1750
1665
1689
1456
1329
2169
2268
1101
1947
2351
1255
2344
2039
1291
2338
2617
1668
2451
2597
2196
1330
1617
136
1842
2127
2052
980
1004
2194
1721
1608
1948
1172
947
1302
1530
2642
2250
1125
1570
2533
1683
1867
1752
1124
1467
966
1563
1520
1597
2372
1600
2475
2028
2508
1868
1940
1955
2582
1191
2038
1243
2332
2458
2436
2643
2616
1932
2128
1735
2143
1416
2203
2042
1761
1619
1741
2246
1643
2608
1826
2419
1675
1370
1465
1214
1620
1789
978
2176
2151
1886
953
2516
1149
1864
2273
2594
2254
921
2002
1809
1712
2191
2588
2377
1623
1810
2498
1156
2135
1339
2148
2010
1163
1083
2420
686
2343
2267
2394
2134
2311
2258
1289
2132
1205
1685
1409
2537
1048
1128
960
967
2368
1181
1954
2589
1898
952
1173
1305
2144
2264
934
1795
1271
1198
1637
1242
997
2653
1380
1605
1483
2434
1539
2501
1861
1845
1916
1288
1003
2445
2062
2315
400
1609
2399
1753
1580
1344
1632
1652
999
1290
1449
1334
2472
1388
1819
1659
2161
1272
1737
1994
1939
1024
1160
1287
1402
1480
1796
1026
1351
412
1312
1323
1590
1653
513
2547
906
2465
2417
2576
373
1359
1049
2293
1028
2137
1688
1891
559
1639
456
1614
2285
1538
1209
2198
423
561
500
553
927
2101
2215
1375
497
1280
1207
460
1075
2304
465
1135
2385
2387
402
395
2396
982
1457
1130
2232
1970
1182
1782
1047
438
431
556
2449
506
1877
1772
1811
2609
492
2280
544
2330
524
2235
2438
514
378
374
525
2259
2518
1470
370
1340
1528
1644
1040
545
2021
515
439
2603
436
2613
1029
567
1201
1123
391
1535
2243
2147
2325
2239
417
1074
1336
507
983
1219
542
1765
1293
1723
1056
932
1542
523
1571
683
1754
394
1734
1981
1110
503
419
360
1523
2092
461
432
408
591
2057
526
520
493
387
1112
1285
1092
2476
452
2473
471
1942
1180
1724
404
527
2839
897
434
3363
1389
995
444
2367
1054
1195
2345
3078
1437
409
2754
368
2652
1393
496
3232
1365
2390
1068
2502
2966
1722
2003
2075
645
511
488
1540
2669
1987
451
2986
2877
2906
392
570
1524
2479
2519
430
348
2694
1964
3426
512
2944
2782
604
3387
2755
3082
537
2960
2786
2750
2927
3101
2956
2910
1485
422
398
2679
669
2800
828
2742
3348
1832
504
482
388
483
1398
2916
3434
3033
2110
2664
445
3000
3022
614
3417
3291
3397
2661
2777
2757
1843
3026
3226
2163
3116
2793
3096
3054
2928
3174
495
1532
2872
3201
2913
2676
1513
2827
2530
2544
2226
3339
479
2867
2866
2905
2915
3252
2303
2698
548
3051
2864
805
2350
3090
487
2890
2925
3132
3284
719
2719
2393
2943
3320
421
3195
2833
1572
959
3035
2969
3280
2065
2529
2863
2919
2909
3056
705
415
2415
3351
2911
713
463
2427
2849
2920
3330
1517
823
2862
2828
1923
555
3150
1460
2778
2067
2383
3049
3347
824
830
2940
3324
565
3108
2222
397
747
3098
3120
455
3064
2155
2985
2689
355
3152
2880
3149
3104
2912
3344
697
2274
3362
745
676
376
2973
2031
781
2939
3277
418
2873
458
2666
2974
2674
3038
428
694
2379
3267
352
473
3247
2208
560
3142
2991
2738
2992
3433
2717
3060
2869
2815
3350
3119
3169
3297
3113
2716
475
827
2221
2044
484
3185
546
2994
688
3239
2683
2897
2853
1435
3070
834
724
2496
2988
3004
2571
2901
3198
774
536
1407
1851
3047
853
3065
1774
3040
2706
1278
3076
3106
815
3419
1821
2749
695
557
3115
752
3084
3073
3980
703
67
510
558
56
3146
3381
800
3391
1277
2680
3335
1369
820
819
0
1863
2211
773
896
425
3145
1204
2234
3293
637
3184
2748
2355
3117
2796
2242
3332
2295
810
566
517
3355
1164
3220
3406
2773
2781
766
2937
3179
3182
3206
3321
3102
726
780
367
3396
1116
3172
696
3085
2763
1235
1405
784
2753
569
2810
3240
3416
1192
271
1439
2993
2989
842
3029
2741
3021
122
1104
426
2896
531
760
26
2936
2945
2835
3364
252
728
21
634
3378
414
521
322
2904
3345
708
3017
754
304
856
1459
2610
3224
547
494
2946
3384
3360
353
1014
2116
239
3411
277
375
2931
2432
731
840
1786
203
3154
2929
3265
3158
2029
1556
2765
462
200
285
1345
315
1573
2729
2970
718
3435
829
2681
363
2525
1039
413
98
847
362
2572
1583
1893
1327
2249
1591
2770
366
849
3386
1479
2209
9
1265
1227
2712
3204
3288
1475
3014
1347
481
508
1899
25
739
2894
519
2366
3261
687
609
3250
845
1846
2637
354
2743
1067
1661
563
3353
814
3052
3238
1322
1636
606
3299
1973
727
1158
3301
440
446
350
2875
2720
3399
764
1596
119
1871
188
416
2756
1783
1462
3140
199
142
170
630
2806
2874
1611
1972
186
2951
1628
538
1742
1298
113
450
620
3025
1231
3342
1032
3274
787
169
646
332
917
817
1515
1715
1857
701
2524
280
738
1423
325
469
1148
543
3228
2850
772
2145
539
1680
3027
957
2635
109
1487
1458
40
442
3316
706
1021
3188
2557
1060
1426
2416
838
396
1373
792
2924
323
1284
3257
734
1100
3089
1716
1237
1282
1900
1495
3296
2950
359
1502
403
3938
1729
848
272
1576
3258
1036
342
1484
580
1066
1587
2953
2318
1691
1196
104
1292
1261
1413
2310
2322
2425
3596
711
770
975
2296
1894
1019
1448
1020
2887
489
1129
3302
3545
2780
13
1909
1082
1009
2605
3272
3111
797
1221
2443
2288
128
1519
1836
2454
313
297
3166
651
1824
737
1091
369
1379
172
2908
1881
1595
2787
807
1404
223
954
118
236
2096
777
2185
1257
1769
641
2305
1432
835
3403
3422
1820
2389
213
3633
3213
3304
1063
3114
2406
3851
1018
3129
590
291
1120
3298
1273
748
2171
922
942
2599
1655
1720
1702
709
1812
1454
261
2640
161
926
902
2538
1862
2272
2976
2364
1859
2001
3135
1303
1166
1995
3002
1872
741
3036
1647
3830
1951
981
3137
1873
1771
3604
1841
844
2459
474
141
831
224
2823
778
3577
758
3501
2009
1099
361
2024
803
2018
3756
3456
1427
988
3287
3023
3243
1102
3684
3948
2612
2581
528
1828
232
2907
1358
2531
2914
334
972
1473
2665
185
984
2745
3877
653
3079
2522
693
1392
1396
3734
779
2977
1618
1944
211
2673
1069
2004
2705
941
1309
2313
1190
654
880
762
2378
3448
324
502
755
3400
2620
308
1279
1229
3800
2365
3495
1108
1706
2447
3449
1751
722
3611
2672
644
587
3253
2284
2708
1315
62
265
1732
3962
1919
783
2400
2785
3824
809
72
372
1682
2022
751
2583
3005
3191
1927
410
2730
490
1976
2645
794
82
1324
678
3034
1980
1998
1844
2141
1155
405
1080
1382
1903
1245
1550
795
2027
1281
3212
968
720
2854
1991
2362
1638
3838
3797
3692
913
3677
1921
2159
2647
2648
2099
491
666
2214
3118
1320
55
3971
2202
1700
1935
1015
843
3303
1536
2660
1215
2006
2657
1574
2048
793
2987
3123
3586
1553
989
541
3097
3170
134
3966
765
3804
1848
1578
248
1907
3968
2061
3234
3926
1582
2157
103
1115
3943
3488
2662
2225
3163
680
723
3160
2480
1913
2627
158
769
1914
3214
3674
3046
3366
1952
3860
470
3019
1438
1885
3651
3514
2019
3884
1626
2881
276
1217
1790
2298
715
3841
3873
3605
123
837
238
2751
1911
1001
3790
1931
3136
592
3576
3687
730
2996
2636
1968
3702
1884
579
3016
3100
449
753
3721
1122
1508
1429
3902
66
212
2761
2192
2659
1451
2177
3390
1692
759
3737
1635
407
1381
3842
826
2011
1645
303
1616
596
2585
1807
1179
2921
1374
2840
1882
31
2252
3625
3377
3672
1794
3385
1999
3148
540
2633
618
2413
3640
2731
2783
1350
1316
3107
2639
3260
427
898
3237
331
2494
3930
1982
59
516
1957
3858
2297
1366
2958
357
1497
1081
610
2684
3609
756
518
231
2641
1401
1159
2337
636
2871
2566
290
3199
3518
3203
1649
3750
3225
2097
2981
919
3007
1728
385
3731
420
3233
3540
1630
2658
345
2891
3528
619
1874
339
1875
3475
2346
2713
79
2967
1318
3828
1313
2675
2724
3168
3525
1070
2733
435
1673
1406
1044
3
1525
3313
3693
3162
3557
3440
617
1012
148
3011
457
365
2797
690
1338
869
30
3578
969
382
2701
763
329
1113
597
2746
2000
2036
133
936
3480
1710
1958
176
3319
1114
1764
75
3886
1565
930
1436
994
3087
1286
1349
257
1514
3394
2085
1767
1463
1740
390
1472
1569
1897
1677
2845
2758
1703
1025
836
3072
971
554
2312
3635
3256
804
1744
3286
573
799
3041
1778
3542
584
535
2917
761
589
677
549
246
3263
1332
34
3219
1052
890
3327
1444
1818
3395
716
1300
2846
821
3177
2687
1512
1805
574
2718
1051
3294
2291
1501
1727
3527
1928
1592
105
812
2186
341
3039
3193
1170
1504
3697
3207
3010
1446
2955
685
2025
2205
2626
2844
1440
1275
3741
3077
2932
1606
477
3491
710
2262
2126
1766
593
3209
1543
7
1545
3471
3730
3412
3018
1679
3306
1085
698
1709
1699
1876
616
3438
3262
2435
1210
605
2584
3379
1357
586
3042
156
1780
3295
811
3618
1258
933
3831
2832
39
1965
889
3365
551
3889
1084
424
1878
3656
132
3670
2948
2768
2715
3497
1674
3086
2984
3414
1321
1529
1850
1534
48
1183
3913
3430
3215
3415
1142
3380
1503
10
3124
486
3341
3852
1408
173
3080
87
1725
601
2830
2175
2361
948
2794
1763
88
3462
652
673
3196
598
3013
861
1549
625
2440
3421
3845
2892
534
1505
1658
2711
862
45
85
915
2728
1469
3346
612
274
433
684
664
1496
381
663
3642
1489
478
298
2050
1694
639
1095
480
3559
2737
3202
505
682
813
907
258
459
3009
2852
635
3331
1283
818
2772
3517
509
1646
3259
603
3369
2739
3450
2231
1482
976
3667
1666
700
53
65
655
863
876
1343
2859
2107
2568
1246
2663
729
1770
1260
623
878
146
529
594
69
3785
3573
2775
268
1425
3337
626
1695
2668
1037
631
3627
1858
1400
3062
888
3707
3186
1239
920
1686
924
318
58
3075
2474
944
3187
2819
3255
130
371
1870
1
1397
2371
3521
2066
656
2016
633
808
2540
882
1660
1704
1259
1656
568
314
1738
611
1561
588
3194
3891
1171
3593
60
389
1758
1355
2829
2843
3924
2812
165
1594
3793
1464
3452
1226
222
3109
2228
3683
1143
1152
4023
3788
3680
3550
2784
851
3906
3762
742
221
2448
3703
1975
846
50
1726
1337
121
962
3264
1507
522
4030
1167
1189
3001
2759
1041
3223
3020
2317
1418
1007
3176
3654
1678
1419
1883
1852
1241
3760
3574
3758
2965
1294
3584
3485
3289
1188
3506
1225
3558
1299
2686
1450
3780
2802
1625
3869
1634
1109
3794
249
3658
3951
3192
1960
242
1223
865
868
575
2012
29
3431
3563
2865
1236
3112
84
2707
3833
3273
1247
2836
208
1671
1801
740
3826
2335
2702
2622
3279
3359
3736
295
1526
1860
1830
2628
991
3276
1781
2453
3032
3285
1422
990
3900
2023
380
850
3058
3705
3211
2876
3947
178
204
1310
2947
472
1773
1785
3093
3810
94
1220
2411
2342
2049
344
1642
2938
2488
672
3982
1624
3718
429
3367
1010
1296
3373
3356
886
3556
1775
2825
3281
3486
3357
1411
2401
1011
736
3110
1500
3484
2091
622
80
1779
1906
125
721
3189
2978
3569
2035
1541
1930
485
2690
2809
2762
3617
2207
5
2270
3533
3944
2426
2883
1348
3409
1575
3929
2236
3822
466
3092
1887
2644
2695
4031
3714
3275
735
159
2870
583
3103
3463
4014
578
627
658
659
2618
3568
2868
1306
3722
662
2779
1371
647
2397
670
3503
3997
3393
3998
782
600
643
661
640
3832
615
3024
3248
346
599
3969
675
577
3870
3711
3069
681
3221
3235
3404
1481
3512
63
733
3352
582
632
2841
3706
2848
650
798
1121
2995
120
3151
4021
2764
2813
3994
3509
168
533
825
1904
1415
4009
3526
196
3782
3231
302
1453
57
2277
3326
679
1492
3236
964
2795
1304
2197
657
1131
3796
2514
595
3590
198
1311
3210
3529
338
1165
1633
2999
1412
671
3315
771
1681
3442
2803
2979
2851
2766
768
171
3786
3278
3629
3829
3455
4004
22
16
1035
2173
2286
3420
1537
1139
281
786
3139
3643
1672
3591
2726
1745
2918
3157
3088
4038
3171
1815
1428
1106
1062
905
2452
2789
3068
665
150
3909
3307
2129
3921
2821
3768
3081
3173
38
3603
3468
2534
3835
3167
2734
3872
1988
3043
2831
3713
3779
2990
3599
3458
284
3534
833
3493
184
4019
2497
3896
1787
2964
4018
3329
998
776
3728
2545
92
949
3464
2089
180
4026
3764
3867
3681
3817
3907
3340
2807
3095
3712
3740
3945
3553
1650
250
864
2162
1667
3710
2735
3719
3555
3753
194
1531
3623
2260
3986
299
3981
3601
667
1853
1490
1950
965
1544
3931
1585
3469
3496
3050
2314
320
973
197
3646
1414
101
816
2900
1990
1042
3995
266
3636
3738
3915
3755
576
330
251
1417
1969
3312
3249
1072
3328
2696
127
3241
1651
2682
4013
871
4020
746
571
2723
2747
2403
3880
3094
1936
2082
1631
3178
1527
254
3245
2816
1743
2888
3144
3976
3460
2667
951
108
2248
1733
24
3608
1533
2503
3620
1216
2856
1831
3561
3197
54
1697
3648
3903
977
4003
893
4002
3388
288
3866
3498
2080
3410
903
2769
1228
1314
4017
217
3229
498
2146
106
2818
3492
3988
940
3690
3821
3615
992
3940
1817
3818
2934
3934
1213
2968
187
260
3138
822
4000
311
3803
1548
3454
3392
96
2014
73
3802
2923
3989
3645
1434
2341
1978
963
1518
3044
3499
938
914
2517
3735
2193
1077
3466
3443
448
1847
1910
2878
3855
628
3621
3358
1895
3634
3371
3474
1901
2166
2493
3761
1670
2710
2114
3862
3505
562
1869
3850
1562
3205
3554
2693
207
3254
1739
235
1161
3153
2160
3784
3520
1837
3418
1687
1308
3815
1169
64
189
2120
1564
2256
1441
2182
2577
1274
3592
1808
2677
3956
1385
2013
349
3349
229
1118
3323
1452
621
1097
3825
2685
3048
857
1141
3552
901
2961
3881
3510
2412
1333
3057
3461
1127
1798
3334
704
790
2656
1601
1378
2942
2523
3015
1364
1880
2580
3792
3133
3457
629
2265
3927
1468
3773
1568
2358
3067
2858
2442
4011
2402
1232
269
1498
908
2895
2791
789
2744
2119
3993
1263
3972
2962
3535
3508
2811
340
2405
1013
1187
1244
1005
3470
839
3383
3242
854
1593
3300
2804
3763
2230
3715
3156
2941
1319
3752
1133
3524
3698
3547
2801
1137
3222
3246
2614
3769
3343
1566
806
3937
3292
3602
3361
3208
1360
1212
3663
2570
270
437
100
1555
1629
3918
126
3511
1806
317
1493
2957
712
1064
3270
2156
3778
3459
3726
3244
27
3370
796
1506
2837
1055
714
2562
2490
117
347
1648
3612
3861
958
1317
2070
2697
1567
1866
3685
3985
3472
3765
1698
283
3631
1602
3543
1136
1511
1424
3164
3564
1797
4027
2980
3973
2130
2727
1934
3130
1756
1654
129
2822
900
3630
312
732
3895
1696
41
2455
2882
1249
163
1307
2790
3957
326
4037
77
1825
1363
3876
1747
3666
115
1974
1093
2847
1977
3970
1089
3402
51
83
237
1098
707
3436
1150
3777
2933
1455
3668
116
343
1266
3840
931
1829
2152
3991
2855
3614
3515
2219
14
3405
214
3548
3061
2316
3914
1588
867
1705
1140
2678
872
874
144
3958
2760
2181
2692
1803
1442
1151
2826
1421
885
1905
2587
3898
3795
3572
3479
3562
3613
3649
3695
3883
530
3159
175
226
3516
1748
3481
3523
873
887
3532
1784
3639
3919
1186
1922
725
17
1494
2820
3770
20
2688
3594
1615
3374
2651
1022
1749
3483
3429
3190
300
406
2424
2158
28
3522
961
2954
149
943
1719
986
140
336
2357
1599
2884
3827
2725
3628
3482
3950
3155
3823
791
1433
2170
3217
2771
1268
3165
1410
3622
383
36
1356
2360
3843
2752
3772
689
1103
2105
3598
3686
1933
3878
137
139
111
767
974
1073
1090
1197
3030
3644
3175
2997
135
309
2709
3583
832
1478
2700
1342
1461
3759
1144
691
1000
702
3936
2373
1384
3791
2935
3836
877
2008
3467
3502
19
2898
884
1641
2
3747
3767
2051
1328
3519
1814
1134
2251
1777
3888
76
3669
3700
3813
3864
3911
2722
1325
3928
1892
294
164
1262
2466
3754
3425
1234
3560
3691
3717
3744
2227
935
1094
2217
1802
4034
802
3933
3308
970
939
1178
1088
3941
1058
3266
881
3507
3500
3834
2238
1033
3776
3847
3908
1023
1961
1711
870
2456
2558
3661
3610
3487
3837
234
3477
3671
1865
895
1346
2903
3960
3978
3964
1147
757
1731
1855
1162
3839
3996
660
1856
162
2076
3757
3465
3579
2486
3774
879
3161
3105
912
1521
858
2963
3975
3708
3723
1174
3571
1949
3961
3977
310
3099
3967
1445
2450
151
3659
4033
464
3398
124
1477
3587
2349
3478
1676
785
3809
1008
3920
2505
1924
2388
2632
2798
4005
2983
3597
750
44
3992
3999
3979
2513
3655
1251
3476
1276
2860
1915
3696
532
3338
3427
3309
3006
3269
3424
2650
2380
923
3783
950
307
2444
3805
3893
2113
3675
2926
3701
2320
2041
788
23
1057
3389
3725
3743
333
3538
3317
3333
3868
1908
3865
153
227
243
202
3473
1992
3539
744
1038
2439
2548
3227
3912
3600
3063
2100
1248
3012
1708
2375
3739
3637
3917
3874
3567
2422
3641
3595
2528
2263
2621
3607
3565
3664
2949
3028
2431
2515
384
552
3766
2441
3892
2889
3368
1840
99
2736
337
1193
866
3724
191
3819
1154
3318
3305
93
3581
3859
1664
3066
3657
3541
3904
1168
1552
1640
3504
1443
3857
152
1387
1967
3290
3428
743
2893
1203
3325
987
177
225
3678
649
143
3575
1176
1701
3551
1301
278
3890
1822
945
68
1762
894
2670
3955
3799
2703
1061
3382
3375
2959
3008
230
3376
3401
2998
3432
2972
2879
3494
3423
3901
3314
1579
3083
2982
3283
1354
220
262
1362
3871
1510
301
1087
937
3882
648
1690
2805
3983
2301
1372
2535
1045
166
364
2952
2971
399
441
501
3544
3899
1297
3632
3282
3445
2671
2721
2824
3091
3588
564
393
1755
1200
2699
263
296
1030
2255
289
1760
86
2834
3566
131
985
3660
2899
3694
1889
206
928
1050
476
1792
1053
102
3311
3652
167
3689
3916
3775
859
1157
3125
1177
4
181
275
3045
32
78
195
218
273
306
328
46
351
1031
996
929
2885
3665
2838
3003
3720
3143
699
228
3771
3549
3128
3662
3490
1759
3624
2321
3546
3616
3638
1383
3647
3310
183
3863
4006
4032
305
2714
1264
3446
2886
3059
1202
3848
2017
240
909
190
247
3582
3531
3910
3626
1395
89
319
3781
3946
3789
3923
3749
321
3801
1713
2767
717
852
855
2034
3814
3653
192
3965
1034
3530
956
3887
1218
3441
1486
3905
3619
3812
1476
2015
3408
2704
2740
3854
3879
245
2634
3679
1896
3682
3134
3673
3489
3676
3704
3536
3585
3580
316
1937
453
1996
2565
3949
1233
1295
3894
841
2527
1353
3990
4007
4016
4025
467
572
1138
174
112
293
499
3816
138
860
1043
3121
61
3126
3322
1254
356
2814
2808
155
279
3932
3439
1240
267
3716
8
91
259
1788
3336
1499
6
147
3953
1956
3447
979
95
3413
1430
1890
219
3688
3806
3444
3849
955
1368
1838
4028
81
1111
3963
110
264
3942
3844
3053
411
3200
4036
3745
193
3141
3122
3218
3354
3513
160
1016
1403
3959
3742
3925
327
201
3954
3606
2799
3733
3939
3589
35
3216
904
2861
454
3811
71
3952
3727
2975
1558
1474
2281
2487
3897
3251
386
3732
379
910
1657
1776
2776
3537
216
2245
3751
97
253
2094
70
1194
3787
1065
3699
2732
2930
3131
3180
3181
2902
3372
2922
2167
2178
157
1546
749
775
1607
3271
377
899
2481
3922
2421
154
49
2382
2541
52
205
1252
443
468
2437
2204
2857
3807
47
2774
3055
3074
3127
1854
182
2817
3147
3808
1071
1253
1270
1326
286
241
255
401
1693
2106
3875
2168
1394
3987
4001
4012
4029
1002
1105
90
145
3885
2788
1027
1627
179
581
642
2483
2595
1208
1046
1586
1224
33
42
233
244
256
282
2691
2792
3037
3268
3407
3746
3846
11
12
15
18
37
43
74
114
209
210
215
287
292
335
358
447
550
585
602
607
608
613
624
638
668
674
692
801
875
883
891
892
911
918
1096
1119
1145
1206
1386
1466
1560
1581
1834
2079
2195
2269
2457
2470
2569
2596
2842
3031
3071
3183
3230
3451
3453
3570
3650
3709
3729
3748
3798
3820
3853
3856
3935
3974
3984
4008
4010
4015
4022
4024
4035
